0 0.674716 0.68389 0.551913 0.630546 1
0 0.68295 0.683436 0.560665 0.632989 1
0 0.690582 0.681859 0.571089 0.634058 1
0 0.692787 0.679848 0.557758 0.640304 1
0 0.690779 0.68167 0.559212 0.636661 1
0 0.692153 0.680584 0.57233 0.629307 1
0 0.693158 0.681241 0.57523 0.626814 1
0 0.639722 0.682227 0.475349 0.625273 1
0 0.641242 0.683358 0.474563 0.626517 1
0 0.63628 0.653407 0.483139 0.655743 1
67 0.793772 0.425135 0.403812 0.691774 2
67 0.763529 0.422834 0.433345 0.674378 2
67 0.732888 0.455716 0.443957 0.680742 2
67 0.714641 0.492032 0.45202 0.689961 2
0 0.684861 0.681504 0.57807 0.636991 1
67 0.710783 0.524132 0.443668 0.688292 2
0 0.702412 0.699316 0.589533 0.601369 1
0 0.702792 0.686758 0.575568 0.626485 1
0 0.706643 0.680405 0.569955 0.63919 1
0 0.709077 0.676884 0.565354 0.646232 1
0 0.710999 0.67662 0.567948 0.64676 1
0 0.707146 0.675838 0.565097 0.646204 1
0 0.70493 0.67192 0.561952 0.647288 1
0 0.697361 0.669265 0.561555 0.648684 1
0 0.693046 0.670006 0.563892 0.64142 1
0 0.693225 0.67235 0.564166 0.639315 1
0 0.692514 0.67436 0.565089 0.64187 1
0 0.686987 0.677677 0.568592 0.630472 1
0 0.69025 0.67729 0.570502 0.631516 1
0 0.693162 0.677741 0.569925 0.634352 1
0 0.690281 0.680066 0.563619 0.632838 1
0 0.695362 0.679109 0.56632 0.634149 1
0 0.691341 0.680971 0.559981 0.63679 1
0 0.689412 0.681085 0.557019 0.637829 1
0 0.689151 0.681022 0.556946 0.637955 1
0 0.688152 0.681054 0.552935 0.637892 1
0 0.686168 0.681283 0.556702 0.637434 1
0 0.687723 0.681125 0.555566 0.637732 1
0 0.68785 0.681026 0.554072 0.637208 1
0 0.687258 0.680919 0.553139 0.637173 1
0 0.688289 0.680886 0.552126 0.637896 1
0 0.687178 0.680906 0.55279 0.638181 1
0 0.687072 0.680909 0.553287 0.638182 1
0 0.686872 0.680981 0.555229 0.638039 1
0 0.687472 0.680917 0.552368 0.638167 1
0 0.68741 0.680221 0.553814 0.637863 1
0 0.686538 0.680724 0.55367 0.638552 1
